step vanilla self meg cb hcb heg
0 0.4600 0.4600 0.4600 0.4600 0.4600 0.4600
10 0.4047 0.4097 0.4449 0.4072 0.4122 0.4474
20 0.3628 0.3716 0.4335 0.3672 0.3760 0.4379
30 0.3310 0.3427 0.4248 0.3369 0.3486 0.4307
40 0.3070 0.3209 0.4183 0.3139 0.3278 0.4252
50 0.2887 0.3043 0.4133 0.2965 0.3121 0.4211
60 0.2750 0.2918 0.4095 0.2834 0.3002 0.4179
70 0.2645 0.2823 0.4067 0.2734 0.2912 0.4156
80 0.2566 0.2751 0.4045 0.2658 0.2843 0.4138
90 0.2506 0.2696 0.4029 0.2601 0.2791 0.4124
100 0.2460 0.2655 0.4016 0.2558 0.2752 0.4114
110 0.2426 0.2624 0.4007 0.2525 0.2723 0.4106
120 0.2400 0.2600 0.4000 0.2500 0.2700 0.4100
