step vanilla self meg cb hcb heg
0 0.4600 0.4600 0.4600 0.4600 0.4600 0.4600
25 0.4171 0.4210 0.4483 0.4190 0.4229 0.4502
50 0.3823 0.3893 0.4388 0.3858 0.3929 0.4423
75 0.3540 0.3636 0.4311 0.3588 0.3684 0.4359
100 0.3310 0.3427 0.4248 0.3369 0.3486 0.4307
125 0.3124 0.3258 0.4197 0.3191 0.3325 0.4264
150 0.2972 0.3120 0.4156 0.3046 0.3194 0.4230
175 0.2849 0.3008 0.4123 0.2929 0.3088 0.4202
200 0.2750 0.2918 0.4095 0.2834 0.3002 0.4179
225 0.2668 0.2844 0.4073 0.2756 0.2932 0.4161
250 0.2603 0.2784 0.4055 0.2693 0.2875 0.4146
275 0.2549 0.2736 0.4041 0.2642 0.2829 0.4134
300 0.2506 0.2696 0.4029 0.2601 0.2791 0.4124
325 0.2471 0.2664 0.4019 0.2567 0.2761 0.4116
350 0.2442 0.2638 0.4011 0.2540 0.2736 0.4110
375 0.2419 0.2617 0.4005 0.2518 0.2716 0.4104
400 0.2400 0.2600 0.4000 0.2500 0.2700 0.4100
